adjacency_matrix: [[1,1,1,1,1,1,1,1],[1,1,1,1,1,1,1,1],[1,1,1,1,1,1,1,1],[1,1,1,1,1,1,1,1],[1,1,1,1,1,1,1,1],[1,1,1,1,1,1,1,1]]
formation_distances: [[0.00, 0.65, 1.30, 1.91, 2.32, 2.98, 2.99, 2.69],[0.65, 0.00, 0.77, 1.52, 2.21, 3.09, 3.29, 3.15],[1.30, 0.77, 0.00, 0.79, 1.70, 2.76, 3.18, 3.27],[1.91, 1.52, 0.79, 0.00, 1.09, 2.26, 2.88, 3.19],[2.32, 2.21, 1.70, 1.09, 0.00, 1.19, 1.93, 2.46],[2.98, 3.09, 2.76, 2.26, 1.19, 0.00, 0.96, 1.80],[2.99, 3.29, 3.18, 2.88, 1.93, 0.96, 0.00, 0.93],[2.69, 3.15, 3.27, 3.19, 2.46, 1.80, 0.93, 0.00]]