adjacency_matrix: [[1,1,1,1,1,1,1,1],[1,1,1,1,1,1,1,1],[1,1,1,1,1,1,1,1],[1,1,1,1,1,1,1,1],[1,1,1,1,1,1,1,1],[1,1,1,1,1,1,1,1]]
formation_distances: [[0.00, 1.09, 2.20, 1.50, 2.62, 3.92, 3.39, 3.27],[1.09, 0.00, 1.10, 1.15, 2.50, 3.49, 3.34, 3.61],[2.20, 1.10, 0.00, 1.63, 2.78, 3.31, 3.58, 4.17],[1.50, 1.15, 1.63, 0.00, 1.35, 2.45, 2.19, 2.56],[2.62, 2.50, 2.78, 1.35, 0.00, 1.47, 0.84, 1.53],[3.92, 3.49, 3.31, 2.45, 1.47, 0.00, 1.30, 2.52],[3.39, 3.34, 3.58, 2.19, 0.84, 1.30, 0.00, 1.22],[3.27, 3.61, 4.17, 2.56, 1.53, 2.52, 1.22, 0.00]]
