adjacency_matrix: [[1,1,1,1,1,1,1,1],[1,1,1,1,1,1,1,1],[1,1,1,1,1,1,1,1],[1,1,1,1,1,1,1,1],[1,1,1,1,1,1,1,1],[1,1,1,1,1,1,1,1]]
formation_distances: [[0.00, 1.25, 1.92, 2.26, 1.33, 3.15, 1.64, 2.83],[1.25, 0.00, 1.16, 1.02, 1.33, 2.07, 1.06, 2.57],[1.92, 1.16, 0.00, 1.45, 2.47, 2.71, 2.20, 3.70],[2.26, 1.02, 1.45, 0.00, 1.93, 1.27, 1.35, 2.64],[1.33, 1.33, 2.47, 1.93, 0.00, 2.27, 0.64, 1.51],[3.15, 2.07, 2.71, 1.27, 2.27, 0.00, 1.65, 2.15],[1.64, 1.06, 2.20, 1.35, 0.64, 1.65, 0.00, 1.51],[2.83, 2.57, 3.70, 2.64, 1.51, 2.15, 1.51, 0.00]]
