adjacency_matrix: [[1,1,1,1,1,1,1,1],[1,1,1,1,1,1,1,1],[1,1,1,1,1,1,1,1],[1,1,1,1,1,1,1,1],[1,1,1,1,1,1,1,1],[1,1,1,1,1,1,1,1]]
formation_distances: [[0.00, 1.26, 1.90, 1.33, 1.39, 2.94, 2.78, 2.36],[1.26, 0.00, 1.11, 1.34, 2.19, 3.11, 3.31, 3.21],[1.90, 1.11, 0.00, 0.96, 2.10, 2.31, 2.77, 2.97],[1.33, 1.34, 0.96, 0.00, 1.14, 1.80, 1.99, 2.03],[1.39, 2.19, 2.10, 1.14, 0.00, 1.81, 1.42, 1.02],[2.94, 3.11, 2.31, 1.80, 1.81, 0.00, 0.92, 1.73],[2.78, 3.31, 2.77, 1.99, 1.42, 0.92, 0.00, 0.90],[2.36, 3.21, 2.97, 2.03, 1.02, 1.73, 0.90, 0.00]]
