adjacency_matrix: [[1,1,1,1,1,1,1,1],[1,1,1,1,1,1,1,1],[1,1,1,1,1,1,1,1],[1,1,1,1,1,1,1,1],[1,1,1,1,1,1,1,1],[1,1,1,1,1,1,1,1]]
formation_distances: [[0.00, 1.34, 2.43, 2.30, 1.71, 2.89, 3.71, 2.85],[1.34, 0.00, 1.19, 1.71, 2.00, 2.82, 3.89, 3.71],[2.43, 1.19, 0.00, 1.32, 2.33, 2.61, 3.77, 4.21],[2.30, 1.71, 1.32, 0.00, 1.29, 1.30, 2.45, 3.11],[1.71, 2.00, 2.33, 1.29, 0.00, 1.23, 2.02, 1.88],[2.89, 2.82, 2.61, 1.30, 1.23, 0.00, 1.15, 2.31],[3.71, 3.89, 3.77, 2.45, 2.02, 1.15, 0.00, 2.05],[2.85, 3.71, 4.21, 3.11, 1.88, 2.31, 2.05, 0.00]]
