name: "arrow"
adjacency_matrix: [[1,1,1,1,1,1,1,1],[1,1,1,1,1,1,1,1],[1,1,1,1,1,1,1,1],[1,1,1,1,1,1,1,1],[1,1,1,1,1,1,1,1],[1,1,1,1,1,1,1,1]]
formation_distances: [[0.00, 1.91, 3.28, 2.93, 4.68, 2.95, 3.27, 1.80],[1.91, 0.00, 1.66, 1.09, 3.04, 1.78, 3.20, 1.32],[3.28, 1.66, 0.00, 1.70, 3.36, 2.98, 4.72, 2.94],[2.93, 1.09, 1.70, 0.00, 1.99, 1.31, 3.16, 1.69],[4.68, 3.04, 3.36, 1.99, 0.00, 1.87, 3.38, 3.00],[2.95, 1.78, 2.98, 1.31, 1.87, 0.00, 1.91, 1.17],[3.27, 3.20, 4.72, 3.16, 3.38, 1.91, 0.00, 1.91],[1.80, 1.32, 2.94, 1.69, 3.00, 1.17, 1.91, 0.00]]