name: "Smiley"
adjacency_matrix: [[1,1,1,1,1,1,1,1],[1,1,1,1,1,1,1,1],[1,1,1,1,1,1,1,1],[1,1,1,1,1,1,1,1],[1,1,1,1,1,1,1,1],[1,1,1,1,1,1,1,1]]
formation_distances: [[0.00, 1.41, 1.79, 2.02, 2.17, 2.10, 1.84, 0.82],[1.41, 0.00, 0.64, 1.25, 1.77, 2.11, 2.33, 2.01],[1.79, 0.64, 0.00, 0.68, 1.28, 1.74, 2.15, 2.19],[2.02, 1.25, 0.68, 0.00, 0.63, 1.18, 1.74, 2.16],[2.17, 1.77, 1.28, 0.63, 0.00, 0.61, 1.29, 2.06],[2.10, 2.11, 1.74, 1.18, 0.61, 0.00, 0.73, 1.77],[1.84, 2.33, 2.15, 1.74, 1.29, 0.73, 0.00, 1.26],[0.82, 2.01, 2.19, 2.16, 2.06, 1.77, 1.26, 0.00]]
