name: "square"
adjacency_matrix: [[1,1,1,1,1,1,1,1],[1,1,1,1,1,1,1,1],[1,1,1,1,1,1,1,1],[1,1,1,1,1,1,1,1],[1,1,1,1,1,1,1,1],[1,1,1,1,1,1,1,1]]
formation_distances: [[0.00, 1.10, 1.60, 2.85, 2.66, 2.97, 1.73, 1.21],[1.10, 0.00, 1.20, 2.65, 2.90, 3.58, 2.64, 2.31],[1.60, 1.20, 0.00, 1.45, 1.83, 2.76, 2.32, 2.58],[2.85, 2.65, 1.45, 0.00, 1.10, 2.32, 2.75, 3.51],[2.66, 2.90, 1.83, 1.10, 0.00, 1.22, 1.92, 2.94],[2.97, 3.58, 2.76, 2.32, 1.22, 0.00, 1.51, 2.73],[1.73, 2.64, 2.32, 2.75, 1.92, 1.51, 0.00, 1.22],[1.21, 2.31, 2.58, 3.51, 2.94, 2.73, 1.22, 0.00]]
