shift_x: 0.06001254568746954
shift_y: -2.7797010877301354e-05
x_diff: 0.11999541063565775
y_diff: 0.1199968881478402
