adjacency_matrix: [[1,1,1,1,1,1,1,1],[1,1,1,1,1,1,1,1],[1,1,1,1,1,1,1,1],[1,1,1,1,1,1,1,1],[1,1,1,1,1,1,1,1],[1,1,1,1,1,1,1,1]]
formation_distances: [[0.00, 1.69, 1.35, 1.99, 1.57, 1.06, 2.14, 2.73],[1.69, 0.00, 0.86, 1.12, 1.81, 2.04, 2.77, 2.19],[1.35, 0.86, 0.00, 0.65, 0.95, 1.28, 1.91, 1.58],[1.99, 1.12, 0.65, 0.00, 1.10, 1.71, 1.99, 1.07],[1.57, 1.81, 0.95, 1.10, 0.00, 0.76, 0.96, 1.27],[1.06, 2.04, 1.28, 1.71, 0.76, 0.00, 1.09, 2.03],[2.14, 2.77, 1.91, 1.99, 0.96, 1.09, 0.00, 1.69],[2.73, 2.19, 1.58, 1.07, 1.27, 2.03, 1.69, 0.00]]
