adjacency_matrix: [[1,1,1,1,1,1,1,1],[1,1,1,1,1,1,1,1],[1,1,1,1,1,1,1,1],[1,1,1,1,1,1,1,1],[1,1,1,1,1,1,1,1],[1,1,1,1,1,1,1,1]]
formation_distances: [[0.00, 0.81, 1.34, 1.46, 0.77, 1.78, 1.54, 1.38],[0.81, 0.00, 0.73, 1.33, 0.88, 1.98, 2.06, 2.09],[1.34, 0.73, 0.00, 0.89, 0.90, 1.69, 2.06, 2.29],[1.46, 1.33, 0.89, 0.00, 0.69, 0.82, 1.36, 1.78],[0.77, 0.88, 0.90, 0.69, 0.00, 1.13, 1.21, 1.39],[1.78, 1.98, 1.69, 0.82, 1.13, 0.00, 0.81, 1.40],[1.54, 2.06, 2.06, 1.36, 1.21, 0.81, 0.00, 0.62],[1.38, 2.09, 2.29, 1.78, 1.39, 1.40, 0.62, 0.00]]
