adjacency_matrix: [[1,1,1,1,1,1,1,1],[1,1,1,1,1,1,1,1],[1,1,1,1,1,1,1,1],[1,1,1,1,1,1,1,1],[1,1,1,1,1,1,1,1],[1,1,1,1,1,1,1,1]]
formation_distances: [[0.00, 0.81, 1.54, 1.64, 1.34, 1.89, 2.81, 3.07],[0.81, 0.00, 0.86, 1.43, 1.62, 2.46, 3.19, 3.27],[1.54, 0.86, 0.00, 1.01, 1.68, 2.69, 3.14, 3.00],[1.64, 1.43, 1.01, 0.00, 0.92, 1.94, 2.17, 1.99],[1.34, 1.62, 1.68, 0.92, 0.00, 1.03, 1.57, 1.74],[1.89, 2.46, 2.69, 1.94, 1.03, 0.00, 1.12, 1.73],[2.81, 3.19, 3.14, 2.17, 1.57, 1.12, 0.00, 0.78],[3.07, 3.27, 3.00, 1.99, 1.74, 1.73, 0.78, 0.00]]
