adjacency_matrix: [[1,1,1,1,1,1,1,1],[1,1,1,1,1,1,1,1],[1,1,1,1,1,1,1,1],[1,1,1,1,1,1,1,1],[1,1,1,1,1,1,1,1],[1,1,1,1,1,1,1,1]]
formation_distances: [[0.00, 1.14, 1.45, 0.98, 1.71, 2.74, 1.58, 2.60],[1.14, 0.00, 1.01, 1.43, 1.86, 3.19, 2.31, 3.52],[1.45, 1.01, 0.00, 0.95, 0.98, 2.34, 1.76, 3.03],[0.98, 1.43, 0.95, 0.00, 0.74, 1.83, 0.89, 2.14],[1.71, 1.86, 0.98, 0.74, 0.00, 1.36, 1.02, 2.22],[2.74, 3.19, 2.34, 1.83, 1.36, 0.00, 1.24, 1.56],[1.58, 2.31, 1.76, 0.89, 1.02, 1.24, 0.00, 1.27],[2.60, 3.52, 3.03, 2.14, 2.22, 1.56, 1.27, 0.00]]
