adjacency_matrix: [[1,1,1,1,1,1,1,1],[1,1,1,1,1,1,1,1],[1,1,1,1,1,1,1,1],[1,1,1,1,1,1,1,1],[1,1,1,1,1,1,1,1],[1,1,1,1,1,1,1,1]]
formation_distances: [[0.00, 0.65, 0.61, 0.42, 1.18, 1.78, 2.38, 2.99],[0.65, 0.00, 0.56, 0.83, 1.69, 2.31, 2.91, 3.52],[0.61, 0.56, 0.00, 0.44, 1.22, 1.82, 2.42, 3.03],[0.42, 0.83, 0.44, 0.00, 0.86, 1.48, 2.08, 2.70],[1.18, 1.69, 1.22, 0.86, 0.00, 0.62, 1.22, 1.84],[1.78, 2.31, 1.82, 1.48, 0.62, 0.00, 0.60, 1.22],[2.38, 2.91, 2.42, 2.08, 1.22, 0.60, 0.00, 0.62],[2.99, 3.52, 3.03, 2.70, 1.84, 1.22, 0.62, 0.00]]
