formation_distances: [[0.00, 0.43, 0.85, 0.94, 1.20, 0.60, 0.94, 0.85, 0.43],[0.43, 0.00, 0.42, 0.58, 0.94, 0.42, 0.84, 0.95, 0.62],[0.85, 0.42, 0.00, 0.42, 0.85, 0.60, 0.95, 1.21, 0.97],[0.94, 0.58, 0.42, 0.00, 0.43, 0.42, 0.60, 0.95, 0.86],[1.20, 0.94, 0.85, 0.43, 0.00, 0.60, 0.43, 0.85, 0.96],[0.60, 0.42, 0.60, 0.42, 0.60, 0.00, 0.42, 0.60, 0.44],[0.94, 0.84, 0.95, 0.60, 0.43, 0.42, 0.00, 0.42, 0.60],[0.85, 0.95, 1.21, 0.95, 0.85, 0.60, 0.42, 0.00, 0.42],[0.43, 0.62, 0.97, 0.86, 0.96, 0.44, 0.60, 0.42, 0.00]]
# want to remove the need for robot_numbers
# This is a Diamond Shape
#
#         #
#      #     #
#   #     #     #
#      #     #
#         #